250
255
252
285
250
252
280
424
439
482
392
482
620
581
439
525
525
491
525
495
737
521
577
525
568
543
487
487
564
650
530
521
525
448
435
443
491
487
612
392
521
534
521
607
568
478
530
564
607
487
564
698
521
530
607
439
443
650
439
491
504
521
577
521
573
525
573
568
530
616
435
564
581
448
443
568
400
737
396
521
612
525
530
478
435
564
577
590
439
439
491
448
693
478
568
577
487
435
737
573
478
448
655
530
650
655
568
612
487
525
487
573
568
495
620
525
655
693
650
495
487
693
435
521
448
616
482
478
478
435
534
439
538
482
573
616
487
443
525
392
400
568
521
607
573
737
663
396
655
521
487
564
487
530
573
573
573
607
530
392
624
443
607
534
448
693
396
495
568
405
659
534
487
392
482
564
612
482
525
534
521
482
612
521
439
439
491
487
538
650
650
525
573
568
568
482
443
698
439
698
435
607
392
564
573
487
568
525
530
607
435
439
530
443
487
737
568
577
435
487
577
737
443
564
568
607
443
443
443
392
439
607
448
482
624
577
534
525
581
612
530
530
478
482
607
573
530
491
491
538
439
482
650
478
564
525
612
487
568
616
392
448
655
659
534
439
573
831
612
926
780
655
525
612
741
827
870
478
870
831
995
698
530
836
659
879
995
788
534
780
918
793
788
525
831
702
836
482
909
793
780
1038
663
702
780
784
853
866
650
870
698
530
956
793
870
780
525
909
952
577
577
952
952
995
866
793
663
1081
439
995
827
655
831
956
478
650
754
866
655
827
995
702
956
573
564
706
909
823
616
663
801
780
439
754
797
909
702
564
521
655
831
616
659
866
745
620
435
663
874
650
870
702
780
797
784
745
741
758
616
961
702
741
827
784
870
784
525
737
706
568
482
879
827
952
749
823
702
698
913
754
607
478
737
607
702
568
698
995
435
827
577
995
870
1038
793
659
745
874
741
1081
659
659
741
995
866
793
573
698
866
909
793
784
612
836
655
1081
797
866
612
918
564
922
741
780
737
788
741
758
478
823
521
672
521
698
612
831
793
788
1081
698
870
788
715
870
823
745
870
961
913
780
913
482
435
952
909
702
663
749
668
650
784
698
909
999
702
874
956
1038
521
1081
823
866
870
827
655
784
745
870
1038
659
655
698
668
616
702
1081
616
698
909
745
995
663
737
568
521
793
711
435
836
693
870
482
435
749
879
823
999
922
573
1043
827
737
909
784
659
698
870
525
879
749
827
1043
706
952
788
780
698
788
711
568
612
909
866
745
879
995
827
913
663
827
698
823
870
784
870
659
530
435
659
788
827
612
1081
745
693
788
961
702
741
870
918
874
698
698
711
659
482
616
1038
650
521
745
659
478
698
564
624
564
754
749
745
741
737
918
793
784
749
749
793
827
706
995
909
909
668
827
956
823
741
612
435
749
650
831
784
961
1038
624
844
749
918
827
698
840
995
784
693
607
1038
698
831
435
788
909
879
1038
831
866
711
702
784
564
788
780
435
788
995
650
784
784
1081
693
741
827
784
650
478
737
745
655
797
702
784
788
870
482
780
573
831
616
913
612
568
706
698
823
525
650
435
836
995
870
961
909
693
909
823
10000
9600
11000
11000
7600
9700
10300
9800
10300
10800
11400
8900
11200
8700
10700
11300
11300
823
616
564
478
823
745
801
840
698
478
650
995
487
607
568
784
668
952
564
439
913
823
866
784
754
909
836
702
706
827
913
823
478
784
607
870
827
698
745
745
745
706
1038
784
650
1081
836
620
706
874
659
1038
793
616
952
650
702
737
831
629
478
784
749
655
788
650
659
573
879
715
702
698
478
568
918
659
668
892
655
478
909
668
956
1081
913
784
831
482
482
655
482
435
745
706
780
1081
655
874
663
827
1081
999
999
823
612
995
693
650
784
913
607
702
758
478
698
918
827
478
706
754
698
749
831
612
659
655
793
702
780
737
745
435
737
909
823
793
741
780
892
879
831
521
624
801
698
1004
659
909
831
918
655
831
706
616
823
741
711
788
711
1081
478
874
573
530
831
758
612
827
702
573
831
650
663
887
780
784
741
1081
702
922
780
663
1038
780
952
659
836
874
482
827
831
1038
844
749
870
1047
521
749
961
655
706
961
702
702
698
525
525
918
435
487
650
741
995
745
784
874
616
573
616
711
568
1038
702
702
663
784
926
1081
564
793
780
482
749
737
650
594
741
909
741
1081
698
784
655
698
745
698
762
909
435
836
478
332
399
376
498
481
332
500
451
305
300
550
478
476
453
349
453
302
533
399
300
478
622
523
327
401
451
431
597
597
448
577
302
406
401
424
597
324
550
548
426
453
431
453
424
359
406
458
597
429
376
548
473
451
349
404
530
354
503
411
528
523
424
473
359
597
349
473
277
359
302
548
451
354
324
324
376
622
349
473
275
426
399
302
622
622
525
332
498
463
453
401
424
275
431
376
381
525
456
399
548
354
481
352
280
473
505
349
424
352
451
575
451
456
503
476
250
376
476
498
473
376
399
401
451
434
548
451
376
275
498
429
481
498
597
553
406
275
453
431
476
277
324
359
399
498
453
597
327
374
352
300
575
399
364
448
523
426
451
434
352
426
250
572
453
352
548
461
572
362
553
550
622
597
498
483
523
404
453
456
523
352
548
404
572
528
424
500
553
384
456
399
300
300
379
548
327
478
575
451
275
379
473
503
434
473
424
302
275
352
473
250
1220
2110
2130
1630
1650
2320
1760
1410
1730
1710
1520
1740
2220
1850
1120
1530
1520
2030
1710
1210
401
453
250
575
250
622
401
426
2108
2281
2182
2678
2554
2579
3100
2504
2207
379
352
357
424
404
550
404
349
434
324
376
476
399
277
376
327
401
451
305
352
429
600
374
401
381
461
376
354
275
352
302
500
582
376
401
354
481
548
458
429
505
523
324
349
255
528
553
448
406
434
597
429
451
476
622
622
523
438
453
401
523
528
550
431
300
451
