250
203
275
478
564
564
448
612
525
392
349
650
439
478
521
439
439
478
491
525
392
392
650
607
525
396
435
439
392
693
487
521
607
392
353
392
607
392
392
568
521
439
607
435
650
525
612
521
530
607
478
568
525
564
650
349
564
482
478
521
650
392
525
478
392
525
534
521
478
607
573
693
478
396
693
655
612
564
525
521
521
478
478
521
491
525
655
693
650
530
349
693
349
435
525
568
435
568
349
612
693
478
392
607
521
607
530
655
655
607
564
435
482
607
396
525
612
577
607
650
607
568
435
655
482
564
564
564
349
439
439
521
392
392
521
564
534
650
650
693
607
392
349
568
568
607
392
525
439
568
525
530
607
435
521
478
487
482
491
478
521
521
607
607
400
396
534
491
693
650
573
396
478
568
392
607
612
525
693
482
478
435
607
478
650
525
521
525
525
564
439
439
392
612
693
780
521
521
737
693
823
478
698
568
737
650
607
650
530
823
655
737
784
482
478
655
663
823
780
607
650
650
607
780
780
525
577
616
823
568
439
521
478
650
702
823
780
478
521
612
823
741
655
655
780
439
650
612
564
564
655
698
607
659
650
573
435
663
780
650
693
612
780
698
607
823
482
616
435
780
564
780
784
435
737
741
607
482
607
823
780
823
612
564
616
607
478
737
612
568
698
435
655
650
745
568
655
478
521
435
439
564
612
612
521
745
607
780
655
655
741
612
780
564
607
737
780
737
564
435
521
534
521
693
780
650
698
435
478
780
655
577
650
655
650
780
780
780
780
482
435
568
659
741
668
650
698
612
780
823
780
650
478
698
823
435
655
573
525
525
478
435
612
530
737
568
521
823
706
478
698
823
823
823
737
612
435
823
525
780
607
741
698
780
521
612
612
564
780
823
780
737
737
693
568
530
435
823
564
827
612
780
693
435
823
693
573
521
435
650
521
612
525
478
435
564
612
564
659
525
650
650
737
745
525
659
737
827
780
620
823
741
607
435
659
650
607
784
737
573
439
616
693
521
737
693
607
698
741
607
478
659
612
564
607
780
435
612
650
693
521
650
478
478
655
823
612
693
607
693
482
780
482
478
478
780
737
521
564
435
823
525
650
435
521
737
823
8800
9600
8900
9900
7600
9700
9700
9800
10300
10800
11400
8900
11200
8700
11300
11300
823
482
564
478
823
478
706
564
478
650
487
564
650
668
564
435
780
478
564
780
607
616
607
780
478
693
607
780
564
607
612
655
737
607
650
478
573
568
655
650
698
650
435
737
607
668
478
693
737
607
525
573
741
668
568
568
780
659
577
737
823
478
568
780
521
564
435
655
482
435
693
780
478
650
573
693
693
650
564
823
607
702
698
737
693
655
607
698
659
784
650
659
478
607
521
607
435
737
823
482
478
780
435
650
521
655
573
698
659
650
655
745
568
741
573
435
620
737
568
650
616
650
435
737
650
702
607
780
435
698
650
780
663
568
655
482
737
780
525
702
823
659
780
478
612
693
564
521
525
650
435
521
650
737
698
784
478
435
564
568
693
693
745
478
564
521
780
521
650
581
607
650
435
650
478
612
564
659
435
478
329
399
376
376
302
424
302
300
424
300
376
302
300
399
300
275
399
277
300
302
324
424
324
275
448
327
401
424
277
448
426
429
376
448
349
302
451
327
451
332
448
424
473
305
349
275
329
300
399
275
324
349
473
473
399
332
381
300
401
424
275
399
376
352
473
399
399
250
275
352
277
426
349
424
352
324
324
250
250
374
473
275
399
302
349
349
275
448
354
275
473
426
448
250
354
399
399
327
374
448
300
399
376
448
275
451
302
352
374
426
352
349
307
376
302
448
426
352
327
473
424
448
332
352
399
300
399
327
349
424
401
473
300
354
424
250
1220
1910
1420
1820
1540
1410
1730
1710
1520
1420
1520
1120
1220
1520
1910
374
401
250
250
300
349
2108
2281
2182
2554
2579
2653
2306
1884
327
448
374
424
275
349
354
324
275
399
399
277
250
324
275
349
300
352
349
374
300
354
302
277
352
302
374
354
324
275
275
448
349
255
448
448
448
354
305
401
424
357
300
401
448
473
300
349
