258
235
283
410
522
506
473
638
540
406
407
608
466
493
521
451
466
492
543
552
434
436
592
549
495
437
449
496
420
607
498
549
549
449
437
492
607
406
420
566
509
466
578
463
594
537
584
521
528
551
449
552
566
551
625
406
536
452
549
521
621
436
523
463
421
580
572
535
549
565
514
592
463
438
680
667
624
508
480
565
508
463
492
493
472
580
583
621
578
484
434
664
452
420
566
555
436
582
449
567
667
465
436
579
578
564
515
610
653
579
521
420
525
564
437
523
540
559
579
622
621
568
422
610
552
549
506
606
406
466
437
549
434
406
536
551
502
650
578
651
592
420
377
525
568
592
421
566
454
523
523
498
595
466
522
465
484
466
543
492
521
521
592
635
440
451
559
515
640
607
555
494
492
552
420
581
624
496
621
510
479
464
594
465
607
510
506
495
537
578
451
457
434
567
621
709
523
506
680
635
722
492
643
509
636
578
578
592
512
767
610
650
653
480
478
624
617
779
709
578
579
622
594
695
724
566
558
627
752
523
481
521
535
564
659
722
693
492
578
571
751
639
597
639
695
466
578
626
565
565
596
626
579
598
635
541
492
587
679
579
592
583
679
639
535
722
494
627
449
693
564
722
739
420
665
669
581
499
564
722
680
781
553
551
627
565
478
665
610
525
640
464
581
578
670
552
667
536
492
420
423
521
581
538
522
670
635
666
667
610
639
596
680
551
567
622
695
636
579
449
523
529
521
650
665
608
696
463
479
665
610
529
565
597
579
751
665
679
693
482
452
509
584
667
634
578
639
553
751
736
693
621
549
639
708
450
610
555
525
495
478
464
596
541
722
539
492
679
615
509
639
722
709
708
636
638
464
693
496
708
608
654
682
666
506
553
600
579
736
738
736
693
623
637
528
499
420
722
549
712
567
722
607
493
693
664
541
492
436
611
508
583
495
465
449
551
538
565
584
566
621
579
695
670
552
614
652
710
693
558
722
667
594
450
584
594
564
753
3122
3379
2823
3807
3892
3943
3888
3925
3235
3762
4057
592
492
614
568
592
551
709
506
596
564
635
493
594
478
520
597
679
538
693
607
650
496
666
466
520
535
679
680
522
592
509
738
523
650
493
506
668
765
6043
6576
6081
6795
5285
6659
6614
6738
7030
7364
7777
6109
7629
5965
7710
7710
708
483
606
449
709
493
601
536
478
650
484
592
592
676
535
435
724
478
566
650
635
541
608
693
479
621
608
708
521
538
567
583
666
564
594
479
555
568
639
592
656
594
464
650
578
634
478
651
696
608
566
557
639
590
595
553
665
584
561
679
693
492
569
696
521
549
463
581
483
477
595
665
449
594
571
607
651
595
551
723
549
684
624
680
621
583
608
698
614
712
578
613
509
578
493
535
466
652
722
483
535
736
463
610
522
614
528
624
540
566
528
580
478
610
482
406
514
592
464
566
504
508
423
583
525
551
488
620
390
548
541
604
542
486
529
430
592
603
450
584
640
515
653
410
500
553
485
447
450
549
423
480
534
574
574
614
411
414
451
478
563
553
629
426
460
464
613
448
541
487
479
534
366
516
418
500
509
555
391
418
295
350
360
334
309
392
310
324
374
291
383
296
283
360
300
275
375
268
300
293
308
357
291
266
408
319
368
382
284
416
368
361
326
407
332
301
400
335
400
330
398
382
407
320
316
266
327
291
366
266
622
605
721
821
669
594
657
324
350
366
267
349
350
936
1075
992
1108
967
1000
994
944
367
365
374
326
300
332
266
258
341
448
266
374
301
333
341
307
399
328
292
407
375
398
282
312
390
366
318
357
390
300
382
342
382
275
385
325
309
324
395
327
324
297
359
201
298
284
234
218
315
282
298
221
234
266
200
266
218
232
282
267
315
200
236
282
166
813
1273
947
1213
1027
940
1153
1140
1013
947
1013
747
813
1013
1273
249
267
166
166
200
232
1406
1521
1455
1703
1720
1769
1538
1256
218
298
249
282
183
232
236
216
183
266
266
184
166
216
183
232
200
234
232
249
200
236
201
184
234
201
249
236
216
183
183
298
232
170
298
298
298
236
203
267
282
238
200
267
298
315
200
232
0
0
0
0
0
0
0
0
0
0
0
0
0
0
0
0
0
0
0
0
0
0
0
0
0
0
0
0
0
0
0
0
0
0
0
0
0
0
0
0
0
0
0
0
0
0
0
0
0
0
0
0
0
0
0
0
0
0
0
0
0
0
0
0
0
0
0
0
0
0
0
0
0
0
0
0
0
0
0
0
0
0
0
0
0
0
0
0
0
0
0
0
0
0
0
0
0
0
0
0
0
0
0
0
0
0
0
0
0
0
0
0
0
0
0
0
0
0
0
0
0
0
0
0
0
0
0
0
0
0
0
0
0
0
0
0
0
0
0
0
0
0
0
0
0
0
0
0
0
0
0
0
0
0
0
0
0
0
0
0
0
0
0
0
0
0
0
0
0
0
0
0
0
0
0
0
0
0
0
0
0
0
0
0
0
0
0
0
0
0
0
0
0
0
0
0
0
0
0
0
0
0
0
0
0
0
0
0
0
0
0
0
0
0
0
0
0
0
0
0
0
0
0
0
0
0
0
0
0
0
0
0
0
0
0
0
0
0
0
0
0
0
0
0
0
0
0
0
0
0
0
0
0
0
0
0
0
0
0
0
0
0
0
0
0
0
0
0
0
0
0
0
0
0
0
0
0
0
0
0
0
0
0
0
0
0
0
0
0
0
0
0
0
0
0
0
0
0
0
0
0
0
0
0
0
0
0
0
0
0
0
0
0
0
0
0
0
0
0
0
0
0
0
0
0
0
0
0
0
0
0
0
0
0
0
0
0
0
0
0
0
0
0
0
0
0
0
0
0
0
0
0
0
0
0
0
0
0
0
0
0
0
0
0
0
0
0
0
0
0
0
0
0
0
0
0
0
0
0
0
0
0
0
