254
266
268
364
387
397
436
516
472
468
480
479
498
527
494
476
490
440
504
512
553
476
501
582
530
513
480
458
489
527
482
498
518
504
480
478
523
501
510
494
492
445
556
537
554
492
506
542
554
502
521
557
526
495
549
479
467
522
507
466
542
503
550
457
487
486
522
535
502
505
507
545
467
450
526
555
482
532
528
530
491
451
454
446
417
501
501
544
528
447
501
563
470
450
495
490
461
505
499
528
509
448
553
479
579
536
494
582
532
494
505
503
525
506
551
526
544
549
556
528
577
574
452
494
507
589
512
499
465
487
488
500
470
482
534
551
486
487
471
523
532
500
461
550
550
627
570
486
524
534
502
509
485
460
529
498
536
473
475
424
562
497
580
572
466
524
481
510
525
494
572
479
483
511
534
556
533
488
542
487
463
492
536
473
550
520
452
552
534
563
540
517
515
522
522
519
514
559
557
593
557
517
511
499
548
508
557
574
530
641
570
612
620
510
544
660
638
656
585
540
611
630
578
666
635
641
638
607
610
523
616
666
596
665
677
640
672
604
587
673
658
637
655
623
642
589
649
560
650
563
583
672
651
589
637
627
632
646
657
591
591
614
720
653
611
618
541
699
615
709
650
634
633
555
676
710
726
574
619
690
721
673
637
696
649
707
699
663
600
650
676
643
647
575
744
634
680
580
694
611
626
763
617
660
655
703
732
698
577
710
664
595
714
678
715
685
685
707
678
575
641
664
642
751
738
673
714
695
550
740
704
586
696
730
624
708
705
644
707
616
704
654
722
643
628
582
661
628
667
683
688
657
620
698
671
657
669
614
608
685
653
572
670
690
736
628
543
686
674
668
685
629
716
693
663
681
646
631
564
810
701
678
732
760
700
682
629
684
746
677
597
689
661
703
646
708
575
623
711
693
683
618
710
622
724
614
663
745
517
706
630
705
712
683
605
608
636
678
686
689
630
621
710
730
697
679
581
689
756
699
759
726
646
684
682
740
689
730
1385
1477
1274
1514
1556
1570
1592
1578
1348
1507
1555
694
579
694
632
666
1265
1362
1255
1329
1378
1247
1312
1262
1251
1144
1253
1332
1247
1357
1405
726
707
621
526
705
714
683
635
687
669
581
682
673
704
685
591
669
689
2201
2248
2229
2381
1941
2370
2313
2371
2443
2511
2601
2241
2573
2133
2658
2587
716
650
778
572
605
687
682
708
625
659
566
566
666
716
576
615
695
610
629
589
697
713
632
756
677
637
765
718
639
633
648
699
590
671
650
645
694
723
737
703
736
2791
2625
3026
2985
2228
2634
2824
2804
2878
2965
3077
2614
3045
2477
2871
3133
3050
676
748
620
725
642
651
526
633
637
652
609
2583
2482
2767
2715
2149
2525
2673
2555
2717
2766
2880
2302
2801
2316
2701
2840
2876
712
628
643
623
657
645
629
608
555
648
621
631
706
601
692
717
611
650
669
717
628
656
704
721
683
614
684
755
626
616
614
594
638
612
633
664
699
759
619
690
665
726
590
656
701
709
658
639
599
685
625
658
522
651
647
611
752
566
600
653
614
600
519
607
576
565
646
710
589
670
601
666
636
599
626
579
641
547
591
530
658
679
569
644
634
671
557
625
613
649
620
698
582
529
552
554
613
559
550
489
564
636
636
614
649
538
567
590
2670
2551
2934
2930
2122
2518
2744
2652
2712
2785
3049
2425
2939
2403
2804
3009
2950
619
585
545
529
646
581
625
646
545
548
498
630
464
539
509
567
562
609
501
599
638
675
759
679
614
674
637
597
540
570
597
629
726
819
696
851
815
689
765
783
610
611
613
484
495
630
466
448
501
554
425
584
561
559
560
485
570
623
584
609
482
567
520
522
510
480
443
482
542
473
472
607
564
599
687
604
628
726
627
529
520
441
563
510
497
502
510
422
410
472
388
356
414
407
429
495
390
413
427
416
547
458
473
438
374
610
720
576
587
579
476
550
559
495
500
571
474
436
522
592
328
330
336
289
282
299
668
662
650
728
730
653
648
641
318
353
309
345
338
359
320
248
288
310
304
339
276
337
304
337
259
323
320
263
328
313
277
325
293
377
253
344
275
226
310
330
269
330
322
292
326
283
277
331
350
329
293
404
312
361
287
285
301
263
266
200
265
294
165
268
270
306
253
241
274
293
194
236
309
220
216
310
241
250
214
185
192
289
180
177
223
239
286
250
241
289
195
222
196
233
205
286
246
231
227
241
286
306
209
267
248
176
266
253
223
226
235
277
249
306
219
255
215
229
255
214
250
302
159
267
204
161
152
141
184
205
126
362
492
359
382
441
396
461
452
389
392
401
349
339
378
498
490
365
156
172
153
148
196
206
532
596
514
639
612
622
768
585
575
191
168
175
184
179
157
152
164
170
191
178
166
180
158
169
135
162
182
152
190
169
180
190
163
158
137
191
151
168
139
163
140
201
163
136
164
139
156
193
170
198
153
168
152
150
233
227
197
136
194
196
199
162
157
133
97
85
86
119
103
90
124
80
109
79
63
107
114
79
96
79
102
130
102
103
114
107
56
85
107
112
107
85
90
90
102
98
124
102
85
62
112
97
109
112
135
125
92
62
102
97
107
62
73
81
90
112
102
135
74
84
79
68
130
90
82
101
118
96
102
98
79
96
56
129
102
79
124
104
129
82
125
124
141
135
112
109
118
91
102
103
118
79
124
91
129
119
96
113
125
87
103
90
68
68
85
124
74
108
130
102
62
85
107
114
98
107
96
68
62
79
107
56
276
478
482
369
374
525
399
319
392
387
344
394
503
419
253
346
344
460
387
274
90
102
56
130
56
141
90
96
477
517
494
607
579
584
702
567
500
85
79
80
96
91
124
91
79
98
73
85
107
90
62
85
74
90
102
69
79
97
136
84
90
86
104
85
80
62
79
68
113
131
85
90
80
109
124
103
97
114
118
73
79
57
119
125
101
92
98
135
97
102
107
141
141
118
99
102
90
118
119
124
97
68
102
