200
250
305
252
203
225
564
564
362
491
564
396
353
650
487
392
443
349
392
491
564
439
435
650
530
564
564
396
482
435
482
349
487
607
439
443
435
607
439
435
396
392
607
650
482
534
487
612
568
482
568
530
487
435
564
491
443
564
482
392
525
482
612
435
491
405
439
607
396
435
568
573
435
392
353
435
525
435
650
482
482
396
349
435
396
396
396
443
525
435
650
607
349
435
435
349
435
487
435
573
439
349
612
439
568
435
525
607
530
392
577
435
525
564
607
564
482
530
396
482
607
530
538
349
607
612
487
435
530
568
573
534
349
564
564
482
349
435
400
435
525
564
564
568
525
650
650
525
443
650
568
439
349
396
564
396
607
435
439
349
650
607
568
607
435
612
564
392
392
487
564
443
392
564
650
607
439
482
607
439
349
538
491
482
650
573
353
607
568
435
607
612
650
439
435
443
650
564
607
482
525
392
482
482
443
530
530
741
612
784
780
823
737
741
827
870
870
784
698
693
836
698
741
698
650
780
823
702
698
564
831
788
909
870
780
702
702
780
607
840
866
650
780
693
612
780
780
607
909
698
655
866
793
568
607
909
866
909
650
706
866
823
827
564
909
737
564
616
909
823
741
745
749
780
706
702
909
564
564
655
698
616
741
866
745
698
663
780
650
693
702
780
749
607
870
741
607
616
866
870
741
827
564
780
784
650
737
706
568
741
827
702
823
827
698
866
745
607
737
607
827
693
698
827
698
650
745
741
745
741
866
702
737
866
866
909
793
607
780
655
823
702
866
737
827
564
607
741
780
737
698
741
793
823
612
698
780
698
793
909
780
655
780
650
823
823
650
780
780
780
780
564
909
607
663
702
788
650
698
909
870
784
823
866
870
827
655
745
823
655
698
788
655
650
698
909
612
568
737
737
870
711
788
693
870
749
784
823
741
823
827
737
909
784
741
823
650
827
784
607
741
698
780
866
784
693
612
909
866
745
784
827
823
827
827
698
823
870
784
870
741
568
741
698
827
612
745
693
788
866
693
870
827
693
909
909
784
741
650
612
741
564
823
564
706
607
612
741
737
870
793
784
784
659
827
827
706
909
909
706
693
909
823
741
612
659
650
741
784
737
702
698
870
693
866
737
693
607
698
741
655
909
741
866
659
780
607
564
788
780
737
650
564
607
693
741
693
650
737
870
655
827
702
784
788
693
780
780
909
866
780
737
607
616
823
564
650
870
737
913
909
693
909
823
10000
9600
11000
11000
7600
9700
10300
9800
10300
10800
11400
8900
11200
8700
10700
11300
11300
823
909
564
823
866
745
702
866
650
607
607
568
650
668
564
780
823
866
612
909
788
702
655
607
780
823
784
607
870
827
698
655
823
827
788
607
650
909
698
616
784
659
745
698
650
827
737
741
706
784
659
866
741
650
741
737
741
706
784
650
827
659
655
784
823
909
706
909
866
784
564
780
866
706
780
866
650
827
693
823
612
693
650
564
823
607
564
758
698
737
693
706
663
698
741
831
612
741
866
702
784
780
737
568
737
909
823
564
780
870
655
784
823
737
698
698
909
741
913
655
831
706
655
823
741
784
702
737
573
737
784
702
693
650
568
823
741
650
702
836
780
564
702
650
780
663
780
784
655
650
737
831
655
749
870
659
780
866
616
909
693
564
866
607
650
650
650
741
745
784
612
698
784
568
693
702
745
564
650
780
909
737
650
620
741
909
741
650
866
909
612
698
797
909
823
354
399
473
498
376
401
500
451
349
523
476
523
349
376
349
523
399
523
399
448
324
352
401
424
324
498
376
451
401
424
349
448
406
429
376
473
451
349
324
451
401
451
406
448
523
424
473
376
349
473
357
324
451
376
324
324
498
349
473
426
399
349
473
354
498
404
