300
300
275
478
392
525
349
525
521
435
525
478
482
478
521
650
521
521
564
439
482
482
439
607
564
521
439
482
443
650
392
521
573
521
564
521
568
525
482
650
564
530
525
650
443
396
521
521
521
478
521
400
530
396
478
607
573
357
482
482
349
607
564
487
357
392
439
607
650
349
487
392
392
482
525
435
439
435
521
439
482
521
435
478
400
521
607
607
650
392
349
521
568
564
482
568
607
435
564
607
564
478
573
439
435
521
349
478
482
568
448
655
521
439
564
564
478
435
650
435
521
491
525
573
650
650
568
396
392
349
392
439
392
521
435
530
521
435
478
487
650
564
435
482
564
521
607
482
521
396
435
568
396
478
435
525
525
435
392
607
607
530
405
487
439
482
568
650
392
525
521
478
612
521
564
612
521
525
521
693
525
521
478
568
568
525
478
650
568
521
607
521
525
439
521
525
607
525
392
521
521
478
573
478
525
568
616
521
478
521
435
478
435
435
521
650
659
521
525
478
482
650
693
568
525
439
573
612
564
564
650
568
650
650
521
650
612
568
525
650
392
521
568
568
482
693
487
607
521
435
568
521
435
659
568
439
525
521
521
521
525
607
568
607
435
525
435
568
435
482
392
443
521
392
482
525
435
612
478
568
521
521
439
491
482
607
487
521
577
698
392
650
482
392
478
435
525
478
435
435
435
568
693
521
478
521
650
521
435
392
521
392
521
521
655
392
693
435
435
482
521
439
392
525
482
530
530
435
521
564
435
525
521
435
521
482
435
525
482
439
521
650
478
435
607
439
650
478
439
568
612
521
564
612
478
521
478
482
612
521
607
482
435
568
478
564
564
693
487
530
435
521
482
568
521
521
435
482
478
482
650
521
568
525
478
482
564
439
564
573
435
482
568
439
439
616
435
478
650
521
478
650
435
482
650
530
396
435
478
448
439
392
693
521
392
478
693
435
435
525
525
435
439
521
435
482
525
607
435
439
525
392
607
478
521
478
487
607
693
607
693
435
482
478
478
435
568
655
482
478
650
487
435
435
8800
9600
8900
9900
9700
8900
9800
9900
9700
8600
8900
10200
8700
9600
10700
478
478
521
487
435
478
650
478
607
616
521
564
478
392
439
693
607
392
478
693
607
525
525
478
435
525
392
482
525
650
698
568
650
521
650
607
573
693
525
482
568
650
530
521
577
568
439
650
612
487
396
521
525
435
482
521
482
435
650
482
568
521
568
392
482
650
478
693
564
478
607
482
650
478
693
612
564
530
693
439
612
568
521
693
612
482
435
439
443
525
478
521
487
487
521
568
482
568
534
439
487
392
478
521
612
439
568
573
612
568
564
521
478
525
396
392
607
478
650
521
478
487
482
478
521
499
564
396
564
392
478
655
568
525
521
607
650
525
435
478
568
443
435
568
568
478
564
530
612
521
478
392
564
392
482
525
650
495
607
650
568
650
521
525
478
478
329
399
275
300
277
300
300
305
300
275
277
300
327
257
399
252
327
300
255
250
275
302
307
324
250
324
252
252
277
327
307
252
327
250
300
275
228
327
302
275
305
349
300
332
275
324
349
399
250
225
250
302
250
275
374
275
228
332
300
399
300
300
277
399
277
327
349
324
225
252
324
228
250
250
250
275
399
399
327
305
349
349
275
300
275
282
300
250
250
280
275
300
250
324
332
300
275
250
275
300
252
399
250
250
255
327
300
349
275
307
275
300
300
354
300
352
300
225
225
252
307
399
300
352
327
302
300
275
349
252
300
1220
1120
1210
1010
1320
1410
1210
1120
1220
1310
1210
1210
374
302
252
250
225
300
300
2108
2281
1959
2678
2356
2281
2852
2157
1884
277
250
354
275
275
302
354
324
275
399
300
327
277
349
277
352
327
225
374
302
324
280
300
275
300
302
302
257
324
374
374
302
282
277
324
277
252
280
280
250
374
307
300
275
225
300
327
