274
289
239
376
398
399
359
412
479
502
475
441
597
491
477
508
525
444
529
509
634
521
489
563
547
534
462
464
543
507
486
541
506
482
516
481
509
503
609
455
521
448
521
506
586
457
464
523
568
487
543
599
521
507
505
500
418
570
498
468
532
541
531
459
548
484
548
486
505
530
475
525
499
482
520
566
375
614
496
547
487
461
488
416
396
504
489
538
479
439
489
484
529
459
484
511
468
477
554
466
437
486
593
444
609
575
488
568
464
482
466
568
527
449
593
502
591
572
611
507
543
615
414
486
402
593
520
482
479
480
490
461
570
482
534
591
543
420
441
493
479
506
463
568
550
654
616
416
611
502
464
543
503
486
529
568
534
505
464
392
536
418
607
527
502
531
375
548
545
423
595
488
505
457
541
504
528
482
461
466
504
482
534
459
459
498
466
543
509
629
551
504
493
551
506
439
422
595
479
636
475
607
434
504
552
443
549
484
507
505
455
498
566
418
441
573
527
531
457
445
534
595
463
647
588
647
602
543
481
496
582
711
462
625
659
554
652
588
593
652
531
648
641
586
650
550
650
486
589
511
541
623
656
584
666
563
613
564
668
550
457
525
714
716
529
504
574
810
593
695
697
550
523
548
697
769
768
621
706
708
790
659
668
731
638
817
893
622
572
700
731
684
661
586
767
661
752
606
772
623
724
915
656
697
700
782
803
743
548
808
618
570
709
704
827
677
645
849
749
652
638
769
729
811
847
749
738
858
498
815
722
571
786
790
541
611
727
661
714
708
831
722
772
611
523
618
706
640
591
638
692
657
584
684
709
788
679
629
564
714
704
611
697
825
741
593
516
640
686
732
704
622
657
750
702
722
720
604
550
875
679
663
743
802
768
720
645
757
741
668
482
668
704
815
726
749
677
614
811
686
690
498
777
689
679
525
720
913
457
745
634
817
749
794
665
552
681
710
739
837
593
636
726
729
786
745
529
573
788
806
807
763
593
789
693
897
731
661
712
731
666
733
677
702
718
784
595
645
545
702
564
684
602
736
712
708
766
745
958
757
786
683
627
663
745
722
849
795
790
738
831
522
435
890
806
616
595
687
600
570
661
675
725
815
618
686
709
813
527
835
767
704
747
743
693
765
720
706
858
636
736
701
645
652
759
919
614
573
790
699
811
720
737
594
482
709
764
557
686
633
684
582
516
724
813
639
835
752
527
842
725
675
745
743
716
573
747
584
729
681
763
836
699
747
722
636
716
641
684
588
612
806
743
720
690
893
706
706
577
804
657
702
749
618
847
595
586
435
593
763
763
712
5308
4942
5578
5628
4107
4967
5271
5102
5365
5578
5770
4585
5682
4470
5325
5680
5902
732
502
659
573
641
593
631
660
543
623
702
622
677
656
790
733
679
602
763
807
661
642
874
768
770
639
804
892
659
718
609
598
661
652
727
722
817
833
636
670
687
774
743
679
752
815
720
654
668
833
665
663
557
726
704
750
854
685
727
725
685
681
502
641
679
598
726
796
631
722
638
862
736
636
663
640
652
479
593
598
679
788
595
720
686
786
643
700
629
745
591
870
609
527
708
593
763
625
670
455
752
837
788
817
849
654
790
659
5570
5339
6155
6135
4266
5308
5767
5544
5646
5907
6366
4971
6201
4947
5875
6217
6215
763
636
604
561
804
726
713
831
718
523
548
817
482
668
570
663
659
815
586
539
749
704
806
720
710
765
809
636
577
767
788
802
565
782
588
768
743
595
741
763
663
704
936
659
654
938
666
618
640
708
593
794
665
632
706
572
677
738
767
702
478
620
665
636
665
611
615
591
776
623
595
634
520
668
711
595
700
777
626
539
786
557
810
774
706
702
704
567
459
655
480
386
580
549
588
725
545
604
490
565
769
667
690
611
465
665
553
484
542
635
449
499
530
463
510
638
588
452
524
526
545
548
627
522
492
500
609
572
588
611
605
394
530
691
600
630
559
622
670
686
594
439
552
552
537
671
535
645
590
636
474
602
595
454
634
578
517
638
531
749
429
649
502
409
604
576
477
659
559
490
568
508
515
599
634
614
555
769
536
638
540
515
699
611
619
465
617
683
383
624
627
711
587
559
635
681
452
548
717
512
501
719
560
581
498
429
446
671
418
411
519
556
665
580
560
672
454
515
456
540
476
664
571
536
528
559
665
711
486
620
577
408
618
588
519
524
547
644
578
710
509
592
499
532
592
497
580
702
371
620
475
375
353
328
428
477
293
841
1142
833
887
1024
919
1070
1048
904
911
931
811
788
878
1156
1137
848
362
401
355
345
456
479
1234
1384
1193
1482
1421
1445
1783
1357
1335
443
390
407
427
416
366
354
381
394
444
414
386
419
367
392
313
377
423
353
442
393
419
442
378
367
320
444
350
391
323
378
326
466
380
316
382
324
363
448
395
461
357
391
354
348
540
528
458
316
452
455
462
377
365
310
226
197
200
276
239
209
288
186
253
185
147
248
265
183
223
185
237
302
237
239
264
250
131
197
250
261
248
197
209
210
237
228
288
237
197
144
261
225
253
261
314
290
213
144
238
226
250
145
170
188
209
261
238
314
172
196
185
157
302
209
191
235
275
224
237
228
185
224
131
300
238
185
288
242
300
190
290
289
327
314
261
254
275
212
238
239
275
185
288
212
300
277
223
263
290
201
239
209
157
157
199
288
172
251
302
237
144
199
248
264
228
248
223
158
144
185
248
131
641
1109
1120
857
867
1220
925
741
909
899
799
915
1167
973
589
804
799
1067
899
636
210
238
131
302
131
327
210
224
1108
1199
1147
1408
1343
1356
1630
1317
1160
199
185
187
223
212
289
212
183
228
170
197
250
209
145
197
172
210
237
160
185
225
315
196
210
200
242
197
186
144
185
158
263
306
197
210
186
253
288
240
225
265
275
170
183
134
277
290
235
213
228
314
225
237
250
327
327
275
230
238
210
275
277
289
226
157
237
