302
327
225
478
564
564
448
400
525
525
568
396
573
392
521
491
525
392
534
525
521
521
392
607
525
525
435
439
521
349
439
564
487
521
607
525
530
521
607
525
521
353
521
396
607
435
392
478
525
487
521
491
521
482
392
568
392
482
564
443
564
564
482
392
521
439
521
396
478
435
521
482
409
521
607
564
349
478
607
577
349
392
443
349
353
439
392
482
525
439
487
525
349
439
392
439
448
525
353
349
392
530
525
349
564
487
400
521
439
435
443
564
482
400
564
478
521
439
568
521
607
530
392
448
353
568
564
487
482
530
443
487
607
482
491
564
607
396
349
607
568
439
400
525
525
564
564
439
564
482
439
521
521
439
482
564
491
392
392
392
439
392
607
521
564
353
353
607
521
443
525
439
525
530
607
439
435
482
392
392
487
482
448
392
482
564
439
607
478
607
443
482
405
534
439
392
400
482
525
568
521
607
482
439
530
396
530
439
482
392
478
564
607
392
392
392
482
482
482
400
487
439
487
741
612
693
780
655
525
612
741
827
478
784
698
530
784
659
607
698
534
780
823
702
698
525
784
482
698
482
655
780
663
702
780
607
616
650
780
478
530
612
780
780
525
577
577
788
573
439
607
435
521
478
650
706
655
780
525
573
564
616
823
616
616
749
780
439
616
612
525
564
521
655
698
616
659
745
620
435
663
780
650
693
612
780
749
607
435
741
530
616
435
607
780
564
780
784
525
737
706
568
482
607
827
702
823
612
564
616
607
478
737
607
612
568
698
435
780
577
650
745
568
655
478
521
482
439
564
612
573
521
745
607
612
655
655
702
612
780
564
607
741
780
737
564
607
616
478
823
521
534
521
698
612
698
698
435
478
780
655
577
650
823
655
650
780
780
780
780
482
435
568
663
702
668
650
521
698
612
784
521
823
780
655
478
745
823
482
655
698
620
616
525
525
435
612
530
737
568
521
612
711
435
698
693
482
435
702
693
823
741
573
737
737
693
659
435
823
525
780
525
607
616
698
780
435
521
620
568
612
698
693
780
823
573
737
698
823
823
693
568
530
435
659
698
827
612
655
693
741
568
435
823
693
521
521
620
525
482
525
650
521
612
525
478
435
564
534
564
706
525
612
650
737
745
693
525
659
612
827
706
620
693
823
741
612
435
659
650
607
784
737
624
439
616
823
693
521
568
478
693
607
698
741
435
655
564
478
620
612
607
564
698
780
435
612
650
564
607
693
607
693
521
650
478
737
478
655
612
612
693
607
693
482
780
573
478
482
780
612
568
616
435
823
525
650
435
521
737
693
823
10000
9600
11000
11000
7600
9700
10300
9800
10300
10800
11400
8900
11200
8700
10700
11300
11300
823
482
564
478
823
478
706
702
521
478
650
487
607
568
650
668
564
439
780
823
478
573
741
612
616
607
780
823
478
693
607
780
564
655
612
655
659
607
650
478
620
616
650
659
655
616
650
612
737
607
629
478
693
659
478
607
650
525
573
741
668
568
435
478
568
780
659
577
612
655
478
620
784
521
482
482
655
482
435
435
706
780
478
650
573
693
823
612
693
650
564
823
607
482
711
478
698
737
693
478
659
663
698
659
784
612
659
478
655
612
780
737
568
435
737
823
482
478
780
612
655
784
521
577
573
698
659
650
655
784
706
616
823
741
573
435
620
478
737
573
530
650
663
612
650
568
573
741
650
663
607
780
564
435
702
650
780
663
780
568
655
650
482
737
784
573
702
823
521
659
780
478
616
568
525
521
525
525
650
435
487
650
741
698
784
478
439
573
616
530
568
568
612
663
521
478
564
568
780
482
525
737
650
594
607
650
435
650
435
478
612
564
663
435
655
478
332
399
376
376
332
424
305
300
275
424
300
349
376
302
300
399
300
275
327
275
275
277
448
302
329
324
424
324
275
376
327
401
424
307
329
406
429
376
473
451
349
302
451
354
451
359
448
424
473
332
349
473
277
359
302
399
354
324
324
275
349
473
275
426
399
302
473
332
381
376
401
424
275
354
376
329
473
401
399
277
352
352
280
473
426
349
424
352
324
275
352
324
424
250
250
374
473
275
399
401
349
302
349
376
275
376
327
448
354
275
451
404
448
277
324
359
399
401
327
374
352
300
399
312
448
275
451
280
352
374
250
426
352
379
310
376
302
401
429
352
327
473
424
374
448
332
352
399
300
300
379
327
349
424
275
379
473
300
381
473
424
302
275
352
473
250
1220
1910
1420
1540
1550
1410
1730
1710
1520
1420
1630
1120
1220
1520
1910
1710
1210
401
401
250
250
300
349
2108
2281
2182
2678
2554
2579
3100
2504
2207
327
352
357
424
376
302
349
354
324
275
399
399
277
250
327
275
349
305
352
376
374
300
354
329
250
277
275
352
302
376
401
354
376
302
275
448
324
349
255
448
448
448
354
305
401
451
424
384
300
401
448
473
352
300
349
