275
302
300
275
439
392
525
693
573
435
525
525
521
525
521
478
521
521
650
607
521
525
478
435
435
521
478
612
478
435
521
607
435
564
607
693
607
435
478
564
487
521
521
521
482
564
530
521
525
439
392
521
650
525
577
521
482
392
693
521
564
525
521
435
482
693
650
564
693
482
396
392
435
525
655
693
650
396
392
655
482
435
521
439
435
693
439
478
435
392
607
607
659
392
650
530
439
612
650
478
616
439
525
525
693
478
487
521
650
525
435
392
612
478
521
521
396
525
525
568
650
568
396
521
693
521
392
693
521
521
435
607
521
435
568
525
439
650
435
568
564
478
435
439
568
564
482
650
487
435
521
435
573
530
525
439
478
435
650
521
521
521
564
693
521
564
612
564
534
521
521
693
521
521
478
530
650
439
478
568
482
525
568
439
521
482
478
435
564
607
478
495
521
478
478
568
530
478
568
521
521
521
534
392
435
435
521
478
478
655
521
478
392
478
478
564
525
693
568
521
439
568
568
525
612
650
521
650
612
435
568
521
650
392
573
521
521
521
693
491
607
435
482
607
525
521
435
655
568
568
478
482
525
478
607
478
607
435
478
439
392
525
478
521
392
521
521
650
478
521
564
607
650
392
521
525
530
534
478
521
482
698
435
525
650
482
478
521
607
439
525
525
435
435
521
521
693
655
435
392
392
435
521
392
525
521
693
439
693
521
435
564
482
525
487
392
525
435
612
478
530
521
521
564
435
525
693
521
482
435
521
435
396
482
439
693
435
478
521
482
487
392
435
521
568
435
521
435
693
564
521
564
693
521
478
482
521
521
525
435
478
525
564
564
693
482
435
392
435
573
521
521
482
478
435
693
525
435
439
564
612
482
650
439
478
435
577
612
650
568
650
607
396
525
448
439
392
521
521
482
478
607
435
612
435
607
478
435
439
534
482
525
435
439
478
525
392
568
435
650
564
439
612
521
607
525
482
478
521
435
521
521
568
482
435
482
478
693
7900
9000
7600
10200
10300
10800
10200
10400
8500
9900
10700
564
521
525
482
650
439
568
650
564
392
521
439
482
478
607
482
392
392
693
607
564
525
439
435
607
650
478
568
525
650
659
568
521
650
612
478
530
650
521
521
435
577
650
568
435
607
482
482
521
521
478
487
521
521
478
487
693
392
482
525
392
482
478
650
478
650
478
693
478
435
612
478
573
392
693
392
612
521
482
478
612
564
435
400
478
439
525
478
482
482
521
568
607
478
573
482
525
478
521
568
478
568
616
612
650
525
435
435
650
525
435
435
530
564
435
521
573
530
521
521
521
435
487
564
400
435
392
482
568
435
568
487
525
525
435
650
478
568
478
439
612
698
525
568
435
521
573
521
439
392
530
482
521
487
650
650
521
530
525
534
439
478
302
399
275
250
300
349
300
349
302
302
257
399
280
225
399
275
275
250
250
302
302
250
324
252
300
324
277
327
302
250
300
349
275
228
399
275
277
275
327
300
300
349
399
399
302
250
327
275
277
374
225
300
305
275
399
324
252
352
280
302
324
300
225
302
228
250
300
277
399
349
305
300
228
252
329
250
324
329
327
374
275
275
399
285
250
282
300
275
327
250
300
277
277
225
225
250
329
305
302
300
300
352
252
225
228
327
300
300
300
352
300
327
300
300
275
352
252
250
324
275
300
250
1220
1120
1220
1520
1210
1120
1210
374
250
250
252
250
300
2108
2281
2182
2529
2405
2455
2281
2281
250
399
275
275
252
349
300
277
275
399
250
324
300
302
327
374
302
277
329
277
275
300
349
230
374
302
300
324
275
300
349
275
250
277
255
374
225
225
334
277
275
277
327
