223
261
298
304
246
294
514
554
398
478
554
414
382
610
494
451
461
388
431
478
545
448
435
640
537
554
535
415
472
484
461
388
506
587
467
461
465
588
448
484
434
423
588
650
472
502
494
590
557
481
557
499
496
425
544
517
473
516
482
412
484
510
600
447
460
401
439
607
454
415
549
531
425
412
392
435
505
435
620
472
482
424
368
444
396
424
444
480
553
425
580
587
399
464
445
399
474
474
464
580
467
378
602
439
537
454
484
577
518
432
547
485
524
535
597
564
481
508
454
471
587
520
534
400
616
620
505
425
498
517
531
512
358
554
534
493
388
435
418
447
553
564
534
548
534
620
640
515
461
591
537
468
359
414
534
425
588
435
428
408
640
589
530
579
435
581
564
451
392
495
554
451
442
554
630
608
457
491
587
497
389
534
487
501
631
561
381
616
568
454
607
590
621
439
454
461
640
554
557
491
524
411
503
481
461
538
549
690
581
723
700
743
667
670
756
819
821
723
658
643
754
686
729
667
621
701
765
681
667
564
789
737
849
819
720
689
681
731
588
796
756
620
731
664
581
759
712
607
819
637
634
786
710
589
597
800
787
819
620
663
787
773
767
573
799
688
534
604
799
744
660
675
696
690
654
661
799
575
544
634
657
594
671
779
684
676
622
720
633
694
630
749
687
557
779
670
588
584
766
769
670
767
593
720
713
620
716
663
537
660
756
630
753
756
688
756
732
567
667
578
756
634
627
757
648
622
695
670
693
700
766
661
687
766
786
810
710
588
711
605
753
689
776
667
776
535
616
680
701
697
678
690
740
774
581
657
710
648
751
819
740
615
700
631
743
763
630
759
712
722
700
554
810
597
630
660
706
611
647
810
819
723
764
787
779
747
633
674
763
636
637
717
634
601
638
841
571
547
716
687
779
696
706
644
819
698
694
733
680
736
737
657
859
723
660
743
659
736
703
588
691
637
701
786
703
644
591
839
766
674
724
726
773
746
756
647
745
809
762
809
729
537
681
647
746
571
704
684
717
776
683
781
736
633
2731
2916
2658
2856
2740
2526
2833
2720
2873
2420
2598
2822
2480
2787
3038
779
720
723
715
607
746
786
653
839
841
663
663
809
723
671
630
646
590
680
762
706
661
658
779
633
787
657
644
588
686
731
634
849
690
816
646
732
626
554
717
731
716
622
554
600
664
671
683
641
679
760
624
757
640
714
726
644
700
749
810
797
720
697
557
585
783
544
659
799
677
842
810
683
809
792
7831
7512
8581
8619
5945
7600
8051
7656
8080
8446
8877
6944
8714
6792
8349
8800
8810
745
811
554
764
777
704
663
767
612
557
577
557
641
615
564
732
774
797
600
819
716
661
595
557
740
743
753
587
779
748
648
614
753
751
736
558
630
789
647
625
734
628
693
676
650
757
667
680
674
705
607
797
701
610
700
689
711
663
713
590
766
597
615
724
783
813
683
849
797
753
554
721
776
653
675
758
563
705
596
702
539
603
569
497
696
536
509
642
628
624
608
612
568
594
633
708
541
644
723
614
661
658
630
512
637
757
708
491
669
732
556
678
702
630
607
617
768
646
765
578
719
635
561
684
627
672
597
630
527
630
655
616
602
592
506
702
633
592
603
718
680
508
591
558
674
562
657
660
561
563
658
731
579
646
749
587
663
735
537
764
602
491
723
531
563
569
557
644
649
672
534
594
666
506
591
632
630
491
558
675
768
647
563
547
633
768
639
581
735
780
539
588
664
757
703
364
376
445
458
358
377
448
427
326
471
647
660
547
522
573
727
586
660
588
647
528
550
394
395
307
440
341
416
377
813
795
797
930
874
816
1022
845
703
313
404
390
410
375
414
483
400
427
381
337
439
338
329
410
370
324
301
469
338
438
392
376
331
433
341
452
370
74
86
86
69
65
63
74
63
58
64
64
57
86
70
69
63
51
69
75
0
0
0
0
0
0
0
0
0
0
0
0
0
0
0
0
0
0
0
0
0
0
0
0
0
0
0
0
0
0
0
0
0
0
0
0
0
0
0
0
0
0
0
0
0
0
0
0
0
0
0
0
0
0
0
0
0
0
0
0
0
0
0
0
0
0
0
0
0
0
0
0
0
0
0
0
0
0
0
0
0
0
0
0
0
0
0
0
0
0
0
0
0
0
0
0
0
0
0
0
0
0
0
0
0
0
0
0
0
0
0
0
0
0
0
0
0
0
0
0
0
0
0
0
0
0
0
0
0
0
0
0
0
0
0
0
0
0
0
0
0
0
0
0
0
0
0
0
0
0
0
0
0
0
0
0
0
0
0
0
0
0
0
0
0
0
0
0
0
0
0
0
0
0
0
0
0
0
0
0
0
0
0
0
0
0
0
0
0
0
0
0
0
0
0
0
0
0
0
0
0
0
0
0
0
0
0
0
0
0
0
0
0
0
0
0
0
0
0
0
0
0
0
0
0
0
0
0
0
0
0
0
0
0
0
0
0
0
0
0
0
0
0
0
0
0
0
0
0
0
0
0
0
0
0
0
0
0
0
0
0
0
0
0
0
0
0
0
0
0
0
0
0
0
0
0
0
0
0
0
0
0
0
0
0
0
0
0
0
0
0
0
0
0
0
0
0
0
0
0
0
0
0
0
0
0
0
0
0
0
0
0
0
0
0
0
0
0
0
0
0
0
0
0
0
0
0
0
0
0
0
0
0
0
0
0
0
0
0
0
0
0
0
0
0
0
0
0
0
0
0
0
0
0
0
0
0
0
0
0
0
0
0
0
0
0
0
0
0
0
0
0
0
0
0
0
0
0
0
0
0
0
0
0
0
0
0
0
0
0
0
0
0
0
0
0
0
0
0
0
0
0
0
0
0
0
0
0
0
0
0
0
0
0
0
0
0
0
0
0
0
0
0
0
0
0
0
0
0
0
0
0
0
0
0
0
0
0
